MW:         # ID
  X: 4.87134844e+04           # in kpc
  Y: 4.70850312e+04           # in kpc
  Z: 5.33219961e+04           # in kpc
  M: 2.07767457e+12           # in solar masses
M31:         # ID
  X: 4.88382148e+04           # in kpc
  Y: 4.67002383e+04           # in kpc
  Z: 5.36135977e+04           # in kpc
  M: 2.16150232e+12           # in solar masses
