MW:         # ID
  X: 5.42975391e+04           # in kpc
  Y: 5.08023516e+04           # in kpc
  Z: 5.27491797e+04           # in kpc
  M: 6.65580667e+11           # in solar masses
M31:         # ID
  X: 5.47673086e+04           # in kpc
  Y: 5.11673320e+04           # in kpc
  Z: 5.30136602e+04           # in kpc
  M: 8.88989221e+11           # in solar masses
