MW:         # Name
  X: 4.68428828e+04             # in kpc
  Y: 4.90237969e+04             # in kpc
  Z: 4.98901641e+04             # in kpc
  M: 1.25209241e+12             # in solar masses
  ID: 127000000000005           # halo ID
M31:         # Name
  X: 4.73439688e+04             # in kpc
  Y: 4.87388945e+04             # in kpc
  Z: 4.99638242e+04             # in kpc
  M: 2.06315481e+12             # in solar masses
  ID: 127000000000003           # halo ID
