MW:         # Name
  X: 4.67915820e+04             # in kpc
  Y: 4.90646641e+04             # in kpc
  Z: 4.98877266e+04             # in kpc
  M: 1.91913840e+12             # in solar masses
  ID: 127000000000004           # halo ID
M31:         # Name
  X: 4.73035898e+04             # in kpc
  Y: 4.88178359e+04             # in kpc
  Z: 5.00023359e+04             # in kpc
  M: 2.22455372e+12             # in solar masses
  ID: 127000000000003           # halo ID
