MW:         # Name
  X: 4.67988320e+04             # in kpc
  Y: 5.02965195e+04             # in kpc
  Z: 4.78068594e+04             # in kpc
  M: 9.93408582e+11             # in solar masses
  ID: 127000000000002           # halo ID
M31:         # Name
  X: 4.64309883e+04             # in kpc
  Y: 5.06608750e+04             # in kpc
  Z: 4.80402812e+04             # in kpc
  M: 1.22338948e+12             # in solar masses
  ID: 127000000000001           # halo ID
