MW:         # ID
  X: 4.88128398e+04           # in kpc
  Y: 4.67271055e+04           # in kpc
  Z: 5.36505117e+04           # in kpc
  M: 1.89001027e+12           # in solar masses
M31:         # ID
  X: 4.86420469e+04           # in kpc
  Y: 4.72112422e+04           # in kpc
  Z: 5.32348008e+04           # in kpc
  M: 2.07690714e+12           # in solar masses
