MW:         # Name
  X: 4.64663711e+04             # in kpc
  Y: 5.06399258e+04             # in kpc
  Z: 4.79526836e+04             # in kpc
  M: 1.08270617e+12             # in solar masses
  ID: 127000000000002           # halo ID
M31:         # Name
  X: 4.67778906e+04             # in kpc
  Y: 5.02778242e+04             # in kpc
  Z: 4.78502500e+04             # in kpc
  M: 1.11307522e+12             # in solar masses
  ID: 127000000000001           # halo ID
