MW:         # ID
  X: 4.67533242e+04           # in kpc
  Y: 5.03214297e+04           # in kpc
  Z: 4.77923984e+04           # in kpc
  M: 1.01904535e+12           # in solar masses
M31:         # ID
  X: 4.63911250e+04           # in kpc
  Y: 5.07461367e+04           # in kpc
  Z: 4.79353516e+04           # in kpc
  M: 1.04092375e+12           # in solar masses
