MW:         # ID
  X: 4.69175898e+04           # in kpc
  Y: 4.89780117e+04           # in kpc
  Z: 4.99265117e+04           # in kpc
  M: 1.21793715e+12           # in solar masses
M31:         # ID
  X: 4.73521914e+04           # in kpc
  Y: 4.87768516e+04           # in kpc
  Z: 5.00401797e+04           # in kpc
  M: 2.15313573e+12           # in solar masses
