MW:         # ID
  X: 4.68038633e+04           # in kpc
  Y: 5.03064062e+04           # in kpc
  Z: 4.78163047e+04           # in kpc
  M: 1.10984364e+12           # in solar masses
M31:         # ID
  X: 4.64474531e+04           # in kpc
  Y: 5.07425234e+04           # in kpc
  Z: 4.79763555e+04           # in kpc
  M: 1.11789434e+12           # in solar masses
