MW:         # ID
  X: 4.87157578e+04           # in kpc
  Y: 4.70623281e+04           # in kpc
  Z: 5.33371875e+04           # in kpc
  M: 1.95943635e+12           # in solar masses
M31:         # ID
  X: 4.88151992e+04           # in kpc
  Y: 4.67045156e+04           # in kpc
  Z: 5.36050664e+04           # in kpc
  M: 2.29918848e+12           # in solar masses
