MW:         # Name
  X: 4.68712891e+04             # in kpc
  Y: 4.89299297e+04             # in kpc
  Z: 4.98618359e+04             # in kpc
  M: 1.25414198e+12             # in solar masses
  ID: 127000000000005           # halo ID
M31:         # Name
  X: 4.73364688e+04             # in kpc
  Y: 4.87476836e+04             # in kpc
  Z: 4.99612656e+04             # in kpc
  M: 2.07404453e+12             # in solar masses
  ID: 127000000000003           # halo ID
